6.575	18	2.31	65.2	4.09	1	4.09	0.00632	0.538	15.3	396.9	4.98	24				
6.421	0	7.07	78.9	4.9671	2	4.9671	0.02731	0.469	17.8	396.9	9.14	21.6				
7.185	0	7.07	61.1	4.9671	2	4.9671	0.02729	0.469	17.8	392.83	4.03	34.7				
6.998	0	2.18	45.8	6.0622	3	6.0622	0.03237	0.458	18.7	394.63	2.94	33.4				
7.147	0	2.18	54.2	6.0622	3	6.0622	0.06905	0.458	18.7	396.9	5.33	36.2				
6.43	0	2.18	58.7	6.0622	3	6.0622	0.02985	0.458	18.7	394.12	5.21	28.7				
6.012	12.5	7.87	66.6	5.5605	5	5.5605	0.08829	0.524	15.2	395.6	12.43	22.9				
6.172	12.5	7.87	96.1	5.9505	5	5.9505	0.14455	0.524	15.2	396.9	19.15	27.1				
5.631	12.5	7.87	100	6.0821	5	6.0821	0.21124	0.524	15.2	386.63	29.93	16.5				
6.004	12.5	7.87	85.9	6.5921	5	6.5921	0.17004	0.524	15.2	386.71	17.1	18.9				
6.377	12.5	7.87	94.3	6.3467	5	6.3467	0.22489	0.524	15.2	392.52	20.45	15				
6.009	12.5	7.87	82.9	6.2267	5	6.2267	0.11747	0.524	15.2	396.9	13.27	18.9				
5.889	12.5	7.87	39	5.4509	5	5.4509	0.09378	0.524	15.2	390.5	15.71	21.7				
5.949	0	8.14	61.8	4.7075	4	4.7075	0.62976	0.538	21	396.9	8.26	20.4				
6.096	0	8.14	84.5	4.4619	4	4.4619	0.63796	0.538	21	380.02	10.26	18.2				
5.834	0	8.14	56.5	4.4986	4	4.4986	0.62739	0.538	21	395.62	8.47	19.9				
5.935	0	8.14	29.3	4.4986	4	4.4986	1.05393	0.538	21	386.85	6.58	23.1				
5.99	0	8.14	81.7	4.2579	4	4.2579	0.7842	0.538	21	386.75	14.67	17.5				
5.456	0	8.14	36.6	3.7965	4	3.7965	0.80271	0.538	21	288.99	11.69	20.2				
5.727	0	8.14	69.5	3.7965	4	3.7965	0.7258	0.538	21	390.95	11.28	18.2				
5.57	0	8.14	98.1	3.7979	4	3.7979	1.25179	0.538	21	376.57	21.02	13.6				
5.965	0	8.14	89.2	4.0123	4	4.0123	0.85204	0.538	21	392.53	13.83	19.6				
6.142	0	8.14	91.7	3.9769	4	3.9769	1.23247	0.538	21	396.9	18.72	15.2				
5.813	0	8.14	100	4.0952	4	4.0952	0.98843	0.538	21	394.54	19.88	14.5				
5.924	0	8.14	94.1	4.3996	4	4.3996	0.75026	0.538	21	394.33	16.3	15.6				
5.599	0	8.14	85.7	4.4546	4	4.4546	0.84054	0.538	21	303.42	16.51	13.9				
5.813	0	8.14	90.3	4.682	4	4.682	0.67191	0.538	21	376.88	14.81	16.6				
6.047	0	8.14	88.8	4.4534	4	4.4534	0.95577	0.538	21	306.38	17.28	14.8				
6.495	0	8.14	94.4	4.4547	4	4.4547	0.77299	0.538	21	387.94	12.8	18.4				
6.674	0	8.14	87.3	4.239	4	4.239	1.00245	0.538	21	380.23	11.98	21				
5.713	0	8.14	94.1	4.233	4	4.233	1.13081	0.538	21	360.17	22.6	12.7				
6.072	0	8.14	100	4.175	4	4.175	1.35472	0.538	21	376.73	13.04	14.5				
5.95	0	8.14	82	3.99	4	3.99	1.38799	0.538	21	232.6	27.71	13.2				
5.701	0	8.14	95	3.7872	4	3.7872	1.15172	0.538	21	358.77	18.35	13.1				
6.096	0	8.14	96.9	3.7598	4	3.7598	1.61282	0.538	21	248.31	20.34	13.5				
5.933	0	5.96	68.2	3.3603	5	3.3603	0.06417	0.499	19.2	396.9	9.68	18.9				
5.841	0	5.96	61.4	3.3779	5	3.3779	0.09744	0.499	19.2	377.56	11.41	20				
5.85	0	5.96	41.5	3.9342	5	3.9342	0.08014	0.499	19.2	396.9	8.77	21				
5.966	0	5.96	30.2	3.8473	5	3.8473	0.17505	0.499	19.2	393.43	10.13	24.7				
6.595	75	2.95	21.8	5.4011	3	5.4011	0.02763	0.428	18.3	395.63	4.32	30.8				
7.024	75	2.95	15.8	5.4011	3	5.4011	0.03359	0.428	18.3	395.62	1.98	34.9				
6.77	0	6.91	2.9	5.7209	3	5.7209	0.12744	0.448	17.9	385.41	4.84	26.6				
6.169	0	6.91	6.6	5.7209	3	5.7209	0.1415	0.448	17.9	383.37	5.81	25.3				
6.211	0	6.91	6.5	5.7209	3	5.7209	0.15936	0.448	17.9	394.46	7.44	24.7				
6.069	0	6.91	40	5.7209	3	5.7209	0.12269	0.448	17.9	389.39	9.55	21.2				
5.682	0	6.91	33.8	5.1004	3	5.1004	0.17142	0.448	17.9	396.9	10.21	19.3				
5.786	0	6.91	33.3	5.1004	3	5.1004	0.18836	0.448	17.9	396.9	14.15	20				
6.03	0	6.91	85.5	5.6894	3	5.6894	0.22927	0.448	17.9	392.74	18.8	16.6				
5.399	0	6.91	95.3	5.87	3	5.87	0.25387	0.448	17.9	396.9	30.81	14.4				
5.602	0	6.91	62	6.0877	3	6.0877	0.21977	0.448	17.9	396.9	16.2	19.4				
5.963	21	5.64	45.7	6.8147	4	6.8147	0.08873	0.439	16.8	395.56	13.45	19.7				
6.115	21	5.64	63	6.8147	4	6.8147	0.04337	0.439	16.8	393.97	9.43	20.5				
6.511	21	5.64	21.1	6.8147	4	6.8147	0.0536	0.439	16.8	396.9	5.28	25				
5.998	21	5.64	21.4	6.8147	4	6.8147	0.04981	0.439	16.8	396.9	8.43	23.4				
5.888	75	4	47.6	7.3197	3	7.3197	0.0136	0.41	21.1	396.9	14.8	18.9				
7.249	90	1.22	21.9	8.6966	5	8.6966	0.01311	0.403	17.9	395.93	4.81	35.4				
6.383	85	0.74	35.7	9.1876	2	9.1876	0.02055	0.41	17.3	396.9	5.77	24.7				
6.816	100	1.32	40.5	8.3248	5	8.3248	0.01432	0.411	15.1	392.9	3.95	31.6				
6.145	25	5.13	29.2	7.8148	8	7.8148	0.15445	0.453	19.7	390.68	6.86	23.3				
5.927	25	5.13	47.2	6.932	8	6.932	0.10328	0.453	19.7	396.9	9.22	19.6				
5.741	25	5.13	66.2	7.2254	8	7.2254	0.14932	0.453	19.7	395.11	13.15	18.7				
5.966	25	5.13	93.4	6.8185	8	6.8185	0.17171	0.453	19.7	378.08	14.44	16				
6.456	25	5.13	67.8	7.2255	8	7.2255	0.11027	0.453	19.7	396.9	6.73	22.2				
6.762	25	5.13	43.4	7.9809	8	7.9809	0.1265	0.453	19.7	395.58	9.5	25				
7.104	17.5	1.38	59.5	9.2229	3	9.2229	0.01951	0.4161	18.6	393.24	8.05	33				
6.29	80	3.37	17.8	6.6115	4	6.6115	0.03584	0.398	16.1	396.9	4.67	23.5				
5.787	80	3.37	31.1	6.6115	4	6.6115	0.04379	0.398	16.1	396.9	10.24	19.4				
5.878	12.5	6.07	21.4	6.498	4	6.498	0.05789	0.409	18.9	396.21	8.1	22				
5.594	12.5	6.07	36.8	6.498	4	6.498	0.13554	0.409	18.9	396.9	13.09	17.4				
5.885	12.5	6.07	33	6.498	4	6.498	0.12816	0.409	18.9	396.9	8.79	20.9				
6.417	0	10.81	6.6	5.2873	4	5.2873	0.08826	0.413	19.2	383.73	6.72	24.2				
5.961	0	10.81	17.5	5.2873	4	5.2873	0.15876	0.413	19.2	376.94	9.88	21.7				
6.065	0	10.81	7.8	5.2873	4	5.2873	0.09164	0.413	19.2	390.91	5.52	22.8				
6.245	0	10.81	6.2	5.2873	4	5.2873	0.19539	0.413	19.2	377.17	7.54	23.4				
6.273	0	12.83	6	4.2515	5	4.2515	0.07896	0.437	18.7	394.92	6.78	24.1				
6.286	0	12.83	45	4.5026	5	4.5026	0.09512	0.437	18.7	383.23	8.94	21.4				
6.279	0	12.83	74.5	4.0522	5	4.0522	0.10153	0.437	18.7	373.66	11.97	20				
6.14	0	12.83	45.8	4.0905	5	4.0905	0.08707	0.437	18.7	386.96	10.27	20.8				
6.232	0	12.83	53.7	5.0141	5	5.0141	0.05646	0.437	18.7	386.4	12.34	21.2				
5.874	0	12.83	36.6	4.5026	5	4.5026	0.08387	0.437	18.7	396.06	9.1	20.3				
6.727	25	4.86	33.5	5.4007	4	5.4007	0.04113	0.426	19	396.9	5.29	28				
6.619	25	4.86	70.4	5.4007	4	5.4007	0.04462	0.426	19	395.63	7.22	23.9				
6.302	25	4.86	32.2	5.4007	4	5.4007	0.03659	0.426	19	396.9	6.72	24.8				
6.167	25	4.86	46.7	5.4007	4	5.4007	0.03551	0.426	19	390.64	7.51	22.9				
6.389	0	4.49	48	4.7794	3	4.7794	0.05059	0.449	18.5	396.9	9.62	23.9				
6.63	0	4.49	56.1	4.4377	3	4.4377	0.05735	0.449	18.5	392.3	6.53	26.6				
6.015	0	4.49	45.1	4.4272	3	4.4272	0.05188	0.449	18.5	395.99	12.86	22.5				
6.121	0	4.49	56.8	3.7476	3	3.7476	0.07151	0.449	18.5	395.15	8.44	22.2				
7.007	0	3.41	86.3	3.4217	2	3.4217	0.0566	0.489	17.8	396.9	5.5	23.6				
7.079	0	3.41	63.1	3.4145	2	3.4145	0.05302	0.489	17.8	396.06	5.7	28.7				
6.417	0	3.41	66.1	3.0923	2	3.0923	0.04684	0.489	17.8	392.18	8.81	22.6				
6.405	0	3.41	73.9	3.0921	2	3.0921	0.03932	0.489	17.8	393.55	8.2	22				
6.442	28	15.04	53.6	3.6659	4	3.6659	0.04203	0.464	18.2	395.01	8.16	22.9				
6.211	28	15.04	28.9	3.6659	4	3.6659	0.02875	0.464	18.2	396.33	6.21	25				
6.249	28	15.04	77.3	3.615	4	3.615	0.04294	0.464	18.2	396.9	10.59	20.6				
6.625	0	2.89	57.8	3.4952	2	3.4952	0.12204	0.445	18	357.98	6.65	28.4				
6.163	0	2.89	69.6	3.4952	2	3.4952	0.11504	0.445	18	391.83	11.34	21.4				
8.069	0	2.89	76	3.4952	2	3.4952	0.12083	0.445	18	396.9	4.21	38.7				
7.82	0	2.89	36.9	3.4952	2	3.4952	0.08187	0.445	18	393.53	3.57	43.8				
7.416	0	2.89	62.5	3.4952	2	3.4952	0.0686	0.445	18	396.9	6.19	33.2				
6.727	0	8.56	79.9	2.7778	5	2.7778	0.14866	0.52	20.9	394.76	9.42	27.5				
6.781	0	8.56	71.3	2.8561	5	2.8561	0.11432	0.52	20.9	395.58	7.67	26.5				
6.405	0	8.56	85.4	2.7147	5	2.7147	0.22876	0.52	20.9	70.8	10.63	18.6				
6.137	0	8.56	87.4	2.7147	5	2.7147	0.21161	0.52	20.9	394.47	13.44	19.3				
6.167	0	8.56	90	2.421	5	2.421	0.1396	0.52	20.9	392.69	12.33	20.1				
5.851	0	8.56	96.7	2.1069	5	2.1069	0.13262	0.52	20.9	394.05	16.47	19.5				
5.836	0	8.56	91.9	2.211	5	2.211	0.1712	0.52	20.9	395.67	18.66	19.5				
6.127	0	8.56	85.2	2.1224	5	2.1224	0.13117	0.52	20.9	387.69	14.09	20.4				
6.474	0	8.56	97.1	2.4329	5	2.4329	0.12802	0.52	20.9	395.24	12.27	19.8				
6.229	0	8.56	91.2	2.5451	5	2.5451	0.26363	0.52	20.9	391.23	15.55	19.4				
6.195	0	8.56	54.4	2.7778	5	2.7778	0.10793	0.52	20.9	393.49	13	21.7				
6.715	0	10.01	81.6	2.6775	6	2.6775	0.10084	0.547	17.8	395.59	10.16	22.8				
5.913	0	10.01	92.9	2.3534	6	2.3534	0.12329	0.547	17.8	394.95	16.21	18.8				
6.092	0	10.01	95.4	2.548	6	2.548	0.22212	0.547	17.8	396.9	17.09	18.7				
6.254	0	10.01	84.2	2.2565	6	2.2565	0.14231	0.547	17.8	388.74	10.45	18.5				
5.928	0	10.01	88.2	2.4631	6	2.4631	0.17134	0.547	17.8	344.91	15.76	18.3				
6.176	0	10.01	72.5	2.7301	6	2.7301	0.13158	0.547	17.8	393.3	12.04	21.2				
6.021	0	10.01	82.6	2.7474	6	2.7474	0.15098	0.547	17.8	394.51	10.3	19.2				
5.872	0	10.01	73.1	2.4775	6	2.4775	0.13058	0.547	17.8	338.63	15.37	20.4				
5.731	0	10.01	65.2	2.7592	6	2.7592	0.14476	0.547	17.8	391.5	13.61	19.3				
5.87	0	25.65	69.7	2.2577	2	2.2577	0.06899	0.581	19.1	389.15	14.37	22				
6.004	0	25.65	84.1	2.1974	2	2.1974	0.07165	0.581	19.1	377.67	14.27	20.3				
5.961	0	25.65	92.9	2.0869	2	2.0869	0.09299	0.581	19.1	378.09	17.93	20.5				
5.856	0	25.65	97	1.9444	2	1.9444	0.15038	0.581	19.1	370.31	25.41	17.3				
5.879	0	25.65	95.8	2.0063	2	2.0063	0.09849	0.581	19.1	379.38	17.58	18.8				
5.986	0	25.65	88.4	1.9929	2	1.9929	0.16902	0.581	19.1	385.02	14.81	21.4				
5.613	0	25.65	95.6	1.7572	2	1.7572	0.38735	0.581	19.1	359.29	27.26	15.7				
5.693	0	21.89	96	1.7883	4	1.7883	0.25915	0.624	21.2	392.11	17.19	16.2				
6.431	0	21.89	98.8	1.8125	4	1.8125	0.32543	0.624	21.2	396.9	15.39	18				
5.637	0	21.89	94.7	1.9799	4	1.9799	0.88125	0.624	21.2	396.9	18.34	14.3				
6.458	0	21.89	98.9	2.1185	4	2.1185	0.34006	0.624	21.2	395.04	12.6	19.2				
6.326	0	21.89	97.7	2.271	4	2.271	1.19294	0.624	21.2	396.9	12.26	19.6				
6.372	0	21.89	97.9	2.3274	4	2.3274	0.59005	0.624	21.2	385.76	11.12	23				
5.822	0	21.89	95.4	2.4699	4	2.4699	0.32982	0.624	21.2	388.69	15.03	18.4				
5.757	0	21.89	98.4	2.346	4	2.346	0.97617	0.624	21.2	262.76	17.31	15.6				
6.335	0	21.89	98.2	2.1107	4	2.1107	0.55778	0.624	21.2	394.67	16.96	18.1				
5.942	0	21.89	93.5	1.9669	4	1.9669	0.32264	0.624	21.2	378.25	16.9	17.4				
6.454	0	21.89	98.4	1.8498	4	1.8498	0.35233	0.624	21.2	394.08	14.59	17.1				
5.857	0	21.89	98.2	1.6686	4	1.6686	0.2498	0.624	21.2	392.04	21.32	13.3				
6.151	0	21.89	97.9	1.6687	4	1.6687	0.54452	0.624	21.2	396.9	18.46	17.8				
6.174	0	21.89	93.6	1.6119	4	1.6119	0.2909	0.624	21.2	388.08	24.16	14				
5.019	0	21.89	100	1.4394	4	1.4394	1.62864	0.624	21.2	396.9	34.41	14.4				
5.403	0	19.58	100	1.3216	5	1.3216	3.32105	0.871	14.7	396.9	26.82	13.4				
5.468	0	19.58	100	1.4118	5	1.4118	4.0974	0.871	14.7	396.9	26.42	15.6				
4.903	0	19.58	97.8	1.3459	5	1.3459	2.77974	0.871	14.7	396.9	29.29	11.8				
6.13	0	19.58	100	1.4191	5	1.4191	2.37934	0.871	14.7	172.91	27.8	13.8				
5.628	0	19.58	100	1.5166	5	1.5166	2.15505	0.871	14.7	169.27	16.65	15.6				
4.926	0	19.58	95.7	1.4608	5	1.4608	2.36862	0.871	14.7	391.71	29.53	14.6				
5.186	0	19.58	93.8	1.5296	5	1.5296	2.33099	0.871	14.7	356.99	28.32	17.8				
5.597	0	19.58	94.9	1.5257	5	1.5257	2.73397	0.871	14.7	351.85	21.45	15.4				
6.122	0	19.58	97.3	1.618	5	1.618	1.6566	0.871	14.7	372.8	14.1	21.5				
5.404	0	19.58	100	1.5916	5	1.5916	1.49632	0.871	14.7	341.6	13.28	19.6				
5.012	0	19.58	88	1.6102	5	1.6102	1.12658	0.871	14.7	343.28	12.12	15.3				
5.709	0	19.58	98.5	1.6232	5	1.6232	2.14918	0.871	14.7	261.95	15.79	19.4				
6.129	0	19.58	96	1.7494	5	1.7494	1.41385	0.871	14.7	321.02	15.12	17				
6.152	0	19.58	82.6	1.7455	5	1.7455	3.53501	0.871	14.7	88.01	15.02	15.6				
5.272	0	19.58	94	1.7364	5	1.7364	2.44668	0.871	14.7	88.63	16.14	13.1				
6.943	0	19.58	97.4	1.8773	5	1.8773	1.22358	0.605	14.7	363.43	4.59	41.3				
6.066	0	19.58	100	1.7573	5	1.7573	1.34284	0.605	14.7	353.89	6.43	24.3				
6.51	0	19.58	100	1.7659	5	1.7659	1.42502	0.871	14.7	364.31	7.39	23.3				
6.25	0	19.58	92.6	1.7984	5	1.7984	1.27346	0.605	14.7	338.92	5.5	27				
7.489	0	19.58	90.8	1.9709	5	1.9709	1.46336	0.605	14.7	374.43	1.73	50				
7.802	0	19.58	98.2	2.0407	5	2.0407	1.83377	0.605	14.7	389.61	1.92	50				
8.375	0	19.58	93.9	2.162	5	2.162	1.51902	0.605	14.7	388.45	3.32	50				
5.854	0	19.58	91.8	2.422	5	2.422	2.24236	0.605	14.7	395.11	11.64	22.7				
6.101	0	19.58	93	2.2834	5	2.2834	2.924	0.605	14.7	240.16	9.81	25				
7.929	0	19.58	96.2	2.0459	5	2.0459	2.01019	0.605	14.7	369.3	3.7	50				
5.877	0	19.58	79.2	2.4259	5	2.4259	1.80028	0.605	14.7	227.61	12.14	23.8				
6.319	0	19.58	96.1	2.1	5	2.1	2.3004	0.605	14.7	297.09	11.1	23.8				
6.402	0	19.58	95.2	2.2625	5	2.2625	2.44953	0.605	14.7	330.04	11.32	22.3				
5.875	0	19.58	94.6	2.4259	5	2.4259	1.20742	0.605	14.7	292.29	14.43	17.4				
5.88	0	19.58	97.3	2.3887	5	2.3887	2.3139	0.605	14.7	348.13	12.03	19.1				
5.572	0	4.05	88.5	2.5961	5	2.5961	0.13914	0.51	16.6	396.9	14.69	23.1				
6.416	0	4.05	84.1	2.6463	5	2.6463	0.09178	0.51	16.6	395.5	9.04	23.6				
5.859	0	4.05	68.7	2.7019	5	2.7019	0.08447	0.51	16.6	393.23	9.64	22.6				
6.546	0	4.05	33.1	3.1323	5	3.1323	0.06664	0.51	16.6	390.96	5.33	29.4				
6.02	0	4.05	47.2	3.5549	5	3.5549	0.07022	0.51	16.6	393.23	10.11	23.2				
6.315	0	4.05	73.4	3.3175	5	3.3175	0.05425	0.51	16.6	395.6	6.29	24.6				
6.86	0	4.05	74.4	2.9153	5	2.9153	0.06642	0.51	16.6	391.27	6.92	29.9				
6.98	0	2.46	58.4	2.829	3	2.829	0.0578	0.488	17.8	396.9	5.04	37.2				
7.765	0	2.46	83.3	2.741	3	2.741	0.06588	0.488	17.8	395.56	7.56	39.8				
6.144	0	2.46	62.2	2.5979	3	2.5979	0.06888	0.488	17.8	396.9	9.45	36.2				
7.155	0	2.46	92.2	2.7006	3	2.7006	0.09103	0.488	17.8	394.12	4.82	37.9				
6.563	0	2.46	95.6	2.847	3	2.847	0.10008	0.488	17.8	396.9	5.68	32.5				
5.604	0	2.46	89.8	2.9879	3	2.9879	0.08308	0.488	17.8	391	13.98	26.4				
6.153	0	2.46	68.8	3.2797	3	3.2797	0.06047	0.488	17.8	387.11	13.15	29.6				
7.831	0	2.46	53.6	3.1992	3	3.1992	0.05602	0.488	17.8	392.63	4.45	50				
6.782	45	3.44	41.1	3.7886	5	3.7886	0.07875	0.437	15.2	393.87	6.68	32				
6.556	45	3.44	29.1	4.5667	5	4.5667	0.12579	0.437	15.2	382.84	4.56	29.8				
7.185	45	3.44	38.9	4.5667	5	4.5667	0.0837	0.437	15.2	396.9	5.39	34.9				
6.951	45	3.44	21.5	6.4798	5	6.4798	0.09068	0.437	15.2	377.68	5.1	37				
6.739	45	3.44	30.8	6.4798	5	6.4798	0.06911	0.437	15.2	389.71	4.69	30.5				
7.178	45	3.44	26.3	6.4798	5	6.4798	0.08664	0.437	15.2	390.49	2.87	36.4				
6.8	60	2.93	9.9	6.2196	1	6.2196	0.02187	0.401	15.6	393.37	5.03	31.1				
6.604	60	2.93	18.8	6.2196	1	6.2196	0.01439	0.401	15.6	376.7	4.38	29.1				
7.875	80	0.46	32	5.6484	4	5.6484	0.01381	0.422	14.4	394.23	2.97	50				
7.287	80	1.52	34.1	7.309	2	7.309	0.04011	0.404	12.6	396.9	4.08	33.3				
7.107	80	1.52	36.6	7.309	2	7.309	0.04666	0.404	12.6	354.31	8.61	30.3				
7.274	80	1.52	38.3	7.309	2	7.309	0.03768	0.404	12.6	392.2	6.62	34.6				
6.975	95	1.47	15.3	7.6534	3	7.6534	0.0315	0.403	17	396.9	4.56	34.9				
7.135	95	1.47	13.9	7.6534	3	7.6534	0.01778	0.403	17	384.3	4.45	32.9				
6.162	82.5	2.03	38.4	6.27	2	6.27	0.03445	0.415	14.7	393.77	7.43	24.1				
7.61	82.5	2.03	15.7	6.27	2	6.27	0.02177	0.415	14.7	395.38	3.11	42.3				
7.853	95	2.68	33.2	5.118	4	5.118	0.0351	0.4161	14.7	392.78	3.81	48.5				
8.034	95	2.68	31.9	5.118	4	5.118	0.02009	0.4161	14.7	390.55	2.88	50				
5.891	0	10.59	22.3	3.9454	4	3.9454	0.13642	0.489	18.6	396.9	10.87	22.6				
6.326	0	10.59	52.5	4.3549	4	4.3549	0.22969	0.489	18.6	394.87	10.97	24.4				
5.783	0	10.59	72.7	4.3549	4	4.3549	0.25199	0.489	18.6	389.43	18.06	22.5				
6.064	0	10.59	59.1	4.2392	4	4.2392	0.13587	0.489	18.6	381.32	14.66	24.4				
5.344	0	10.59	100	3.875	4	3.875	0.43571	0.489	18.6	396.9	23.09	20				
5.96	0	10.59	92.1	3.8771	4	3.8771	0.17446	0.489	18.6	393.25	17.27	21.7				
5.404	0	10.59	88.6	3.665	4	3.665	0.37578	0.489	18.6	395.24	23.98	19.3				
5.807	0	10.59	53.8	3.6526	4	3.6526	0.21719	0.489	18.6	390.94	16.03	22.4				
6.375	0	10.59	32.3	3.9454	4	3.9454	0.14052	0.489	18.6	385.81	9.38	28.1				
5.412	0	10.59	9.8	3.5875	4	3.5875	0.28955	0.489	18.6	348.93	29.55	23.7				
6.182	0	10.59	42.4	3.9454	4	3.9454	0.19802	0.489	18.6	393.63	9.47	25				
5.888	0	13.89	56	3.1121	5	3.1121	0.0456	0.55	16.4	392.8	13.51	23.3				
6.642	0	13.89	85.1	3.4211	5	3.4211	0.07013	0.55	16.4	392.78	9.69	28.7				
5.951	0	13.89	93.8	2.8893	5	2.8893	0.11069	0.55	16.4	396.9	17.92	21.5				
6.373	0	13.89	92.4	3.3633	5	3.3633	0.11425	0.55	16.4	393.74	10.5	23				
6.951	0	6.2	88.5	2.8617	8	2.8617	0.35809	0.507	17.4	391.7	9.71	26.7				
6.164	0	6.2	91.3	3.048	8	3.048	0.40771	0.507	17.4	395.24	21.46	21.7				
6.879	0	6.2	77.7	3.2721	8	3.2721	0.62356	0.507	17.4	390.39	9.93	27.5				
6.618	0	6.2	80.8	3.2721	8	3.2721	0.6147	0.507	17.4	396.9	7.6	30.1				
8.266	0	6.2	78.3	2.8944	8	2.8944	0.31533	0.504	17.4	385.05	4.14	44.8				
8.725	0	6.2	83	2.8944	8	2.8944	0.52693	0.504	17.4	382	4.63	50				
8.04	0	6.2	86.5	3.2157	8	3.2157	0.38214	0.504	17.4	387.38	3.13	37.6				
7.163	0	6.2	79.9	3.2157	8	3.2157	0.41238	0.504	17.4	372.08	6.36	31.6				
7.686	0	6.2	17	3.3751	8	3.3751	0.29819	0.504	17.4	377.51	3.92	46.7				
6.552	0	6.2	21.4	3.3751	8	3.3751	0.44178	0.504	17.4	380.34	3.76	31.5				
5.981	0	6.2	68.1	3.6715	8	3.6715	0.537	0.504	17.4	378.35	11.65	24.3				
7.412	0	6.2	76.9	3.6715	8	3.6715	0.46296	0.504	17.4	376.14	5.25	31.7				
8.337	0	6.2	73.3	3.8384	8	3.8384	0.57529	0.507	17.4	385.91	2.47	41.7				
8.247	0	6.2	70.4	3.6519	8	3.6519	0.33147	0.507	17.4	378.95	3.95	48.3				
6.726	0	6.2	66.5	3.6519	8	3.6519	0.44791	0.507	17.4	360.2	8.05	29				
6.086	0	6.2	61.5	3.6519	8	3.6519	0.33045	0.507	17.4	376.75	10.88	24				
6.631	0	6.2	76.5	4.148	8	4.148	0.52058	0.507	17.4	388.45	9.54	25.1				
7.358	0	6.2	71.6	4.148	8	4.148	0.51183	0.507	17.4	390.07	4.73	31.5				
6.481	30	4.93	18.5	6.1899	6	6.1899	0.08244	0.428	16.6	379.41	6.36	23.7				
6.606	30	4.93	42.2	6.1899	6	6.1899	0.09252	0.428	16.6	383.78	7.37	23.3				
6.897	30	4.93	54.3	6.3361	6	6.3361	0.11329	0.428	16.6	391.25	11.38	22				
6.095	30	4.93	65.1	6.3361	6	6.3361	0.10612	0.428	16.6	394.62	12.4	20.1				
6.358	30	4.93	52.9	7.0355	6	7.0355	0.1029	0.428	16.6	372.75	11.22	22.2				
6.393	30	4.93	7.8	7.0355	6	7.0355	0.12757	0.428	16.6	374.71	5.19	23.7				
5.593	22	5.86	76.5	7.9549	7	7.9549	0.20608	0.431	19.1	372.49	12.5	17.6				
5.605	22	5.86	70.2	7.9549	7	7.9549	0.19133	0.431	19.1	389.13	18.46	18.5				
6.108	22	5.86	34.9	8.0555	7	8.0555	0.33983	0.431	19.1	390.18	9.16	24.3				
6.226	22	5.86	79.2	8.0555	7	8.0555	0.19657	0.431	19.1	376.14	10.15	20.5				
6.433	22	5.86	49.1	7.8265	7	7.8265	0.16439	0.431	19.1	374.71	9.52	24.5				
6.718	22	5.86	17.5	7.8265	7	7.8265	0.19073	0.431	19.1	393.74	6.56	26.2				
6.487	22	5.86	13	7.3967	7	7.3967	0.1403	0.431	19.1	396.28	5.9	24.4				
6.438	22	5.86	8.9	7.3967	7	7.3967	0.21409	0.431	19.1	377.07	3.59	24.8				
6.957	22	5.86	6.8	8.9067	7	8.9067	0.08221	0.431	19.1	386.09	3.53	29.6				
8.259	22	5.86	8.4	8.9067	7	8.9067	0.36894	0.431	19.1	396.9	3.54	42.8				
6.108	80	3.64	32	9.2203	1	9.2203	0.04819	0.392	16.4	392.89	6.57	21.9				
5.876	80	3.64	19.1	9.2203	1	9.2203	0.03548	0.392	16.4	395.18	9.25	20.9				
7.454	90	3.75	34.2	6.3361	3	6.3361	0.01538	0.394	15.9	386.34	3.11	44				
8.704	20	3.97	86.9	1.801	5	1.801	0.61154	0.647	13	389.7	5.12	50				
7.333	20	3.97	100	1.8946	5	1.8946	0.66351	0.647	13	383.29	7.79	36				
6.842	20	3.97	100	2.0107	5	2.0107	0.65665	0.647	13	391.93	6.9	30.1				
7.203	20	3.97	81.8	2.1121	5	2.1121	0.54011	0.647	13	392.8	9.59	33.8				
7.52	20	3.97	89.4	2.1398	5	2.1398	0.53412	0.647	13	388.37	7.26	43.1				
8.398	20	3.97	91.5	2.2885	5	2.2885	0.52014	0.647	13	386.86	5.91	48.8				
7.327	20	3.97	94.5	2.0788	5	2.0788	0.82526	0.647	13	393.42	11.25	31				
7.206	20	3.97	91.6	1.9301	5	1.9301	0.55007	0.647	13	387.89	8.1	36.5				
5.56	20	3.97	62.8	1.9865	5	1.9865	0.76162	0.647	13	392.4	10.45	22.8				
7.014	20	3.97	84.6	2.1329	5	2.1329	0.7857	0.647	13	384.07	14.79	30.7				
8.297	20	3.97	67	2.4216	5	2.4216	0.57834	0.575	13	384.54	7.44	50				
7.47	20	3.97	52.6	2.872	5	2.872	0.5405	0.575	13	390.3	3.16	43.5				
5.92	20	6.96	61.5	3.9175	3	3.9175	0.09065	0.464	18.6	391.34	13.65	20.7				
5.856	20	6.96	42.1	4.429	3	4.429	0.29916	0.464	18.6	388.65	13	21.1				
6.24	20	6.96	16.3	4.429	3	4.429	0.16211	0.464	18.6	396.9	6.59	25.2				
6.538	20	6.96	58.7	3.9175	3	3.9175	0.1146	0.464	18.6	394.96	7.73	24.4				
7.691	20	6.96	51.8	4.3665	3	4.3665	0.22188	0.464	18.6	390.77	6.58	35.2				
6.758	40	6.41	32.9	4.0776	4	4.0776	0.05644	0.447	17.6	396.9	3.53	32.4				
6.854	40	6.41	42.8	4.2673	4	4.2673	0.09604	0.447	17.6	396.9	2.98	32				
7.267	40	6.41	49	4.7872	4	4.7872	0.10469	0.447	17.6	389.25	6.05	33.2				
6.826	40	6.41	27.6	4.8628	4	4.8628	0.06127	0.447	17.6	393.45	4.16	33.1				
6.482	40	6.41	32.1	4.1403	4	4.1403	0.07978	0.447	17.6	396.9	7.19	29.1				
6.812	20	3.33	32.2	4.1007	5	4.1007	0.21038	0.4429	14.9	396.9	4.85	35.1				
7.82	20	3.33	64.5	4.6947	5	4.6947	0.03578	0.4429	14.9	387.31	3.76	45.4				
6.968	20	3.33	37.2	5.2447	5	5.2447	0.03705	0.4429	14.9	392.23	4.59	35.4				
7.645	20	3.33	49.7	5.2119	5	5.2119	0.06129	0.4429	14.9	377.07	3.01	46				
7.923	90	1.21	24.8	5.885	1	5.885	0.01501	0.401	13.6	395.52	3.16	50				
7.088	90	2.97	20.8	7.3073	1	7.3073	0.00906	0.4	15.3	394.72	7.85	32.2				
6.453	55	2.25	31.9	7.3073	1	7.3073	0.01096	0.389	15.3	394.72	8.23	22				
6.23	80	1.76	31.5	9.0892	1	9.0892	0.01965	0.385	18.2	341.6	12.93	20.1				
6.209	52.5	5.32	31.3	7.3172	6	7.3172	0.03871	0.405	16.6	396.9	7.14	23.2				
6.315	52.5	5.32	45.6	7.3172	6	7.3172	0.0459	0.405	16.6	396.9	7.6	22.3				
6.565	52.5	5.32	22.9	7.3172	6	7.3172	0.04297	0.405	16.6	371.72	9.51	24.8				
6.861	80	4.95	27.9	5.1167	4	5.1167	0.03502	0.411	19.2	396.9	3.33	28.5				
7.148	80	4.95	27.7	5.1167	4	5.1167	0.07886	0.411	19.2	396.9	3.56	37.3				
6.63	80	4.95	23.4	5.1167	4	5.1167	0.03615	0.411	19.2	396.9	4.7	27.9				
6.127	0	13.92	18.4	5.5027	4	5.5027	0.08265	0.437	16	396.9	8.58	23.9				
6.009	0	13.92	42.3	5.5027	4	5.5027	0.08199	0.437	16	396.9	10.4	21.7				
6.678	0	13.92	31.1	5.9604	4	5.9604	0.12932	0.437	16	396.9	6.27	28.6				
6.549	0	13.92	51	5.9604	4	5.9604	0.05372	0.437	16	392.85	7.39	27.1				
5.79	0	13.92	58	6.32	4	6.32	0.14103	0.437	16	396.9	15.84	20.3				
6.345	70	2.24	20.1	7.8278	5	7.8278	0.06466	0.4	14.8	368.24	4.97	22.5				
7.041	70	2.24	10	7.8278	5	7.8278	0.05561	0.4	14.8	371.58	4.74	29				
6.871	70	2.24	47.4	7.8278	5	7.8278	0.04417	0.4	14.8	390.86	6.07	24.8				
6.59	34	6.09	40.4	5.4917	7	5.4917	0.03537	0.433	16.1	395.75	9.5	22				
6.495	34	6.09	18.4	5.4917	7	5.4917	0.09266	0.433	16.1	383.61	8.67	26.4				
6.982	34	6.09	17.7	5.4917	7	5.4917	0.1	0.433	16.1	390.43	4.86	33.1				
7.236	33	2.18	41.1	4.022	7	4.022	0.05515	0.472	18.4	393.68	6.93	36.1				
6.616	33	2.18	58.1	3.37	7	3.37	0.05479	0.472	18.4	393.36	8.93	28.4				
7.42	33	2.18	71.9	3.0992	7	3.0992	0.07503	0.472	18.4	396.9	6.47	33.4				
6.849	33	2.18	70.3	3.1827	7	3.1827	0.04932	0.472	18.4	396.9	7.53	28.2				
6.635	0	9.9	82.5	3.3175	4	3.3175	0.49298	0.544	18.4	396.9	4.54	22.8				
5.972	0	9.9	76.7	3.1025	4	3.1025	0.3494	0.544	18.4	396.24	9.97	20.3				
4.973	0	9.9	37.8	2.5194	4	2.5194	2.63548	0.544	18.4	350.45	12.64	16.1				
6.122	0	9.9	52.8	2.6403	4	2.6403	0.79041	0.544	18.4	396.9	5.98	22.1				
6.023	0	9.9	90.4	2.834	4	2.834	0.26169	0.544	18.4	396.3	11.72	19.4				
6.266	0	9.9	82.8	3.2628	4	3.2628	0.26938	0.544	18.4	393.39	7.9	21.6				
6.567	0	9.9	87.3	3.6023	4	3.6023	0.3692	0.544	18.4	395.69	9.28	23.8				
5.705	0	9.9	77.7	3.945	4	3.945	0.25356	0.544	18.4	396.42	11.5	16.2				
5.914	0	9.9	83.2	3.9986	4	3.9986	0.31827	0.544	18.4	390.7	18.33	17.8				
5.782	0	9.9	71.7	4.0317	4	4.0317	0.24522	0.544	18.4	396.9	15.94	19.8				
6.382	0	9.9	67.2	3.5325	4	3.5325	0.40202	0.544	18.4	395.21	10.36	23.1				
6.113	0	9.9	58.8	4.0019	4	4.0019	0.47547	0.544	18.4	396.23	12.73	21				
6.426	0	7.38	52.3	4.5404	5	4.5404	0.1676	0.493	19.6	396.9	7.2	23.8				
6.376	0	7.38	54.3	4.5404	5	4.5404	0.18159	0.493	19.6	396.9	6.87	23.1				
6.041	0	7.38	49.9	4.7211	5	4.7211	0.35114	0.493	19.6	396.9	7.7	20.4				
5.708	0	7.38	74.3	4.7211	5	4.7211	0.28392	0.493	19.6	391.13	11.74	18.5				
6.415	0	7.38	40.1	4.7211	5	4.7211	0.34109	0.493	19.6	396.9	6.12	25				
6.431	0	7.38	14.7	5.4159	5	5.4159	0.19186	0.493	19.6	393.68	5.08	24.6				
6.312	0	7.38	28.9	5.4159	5	5.4159	0.30347	0.493	19.6	396.9	6.15	23				
6.083	0	7.38	43.7	5.4159	5	5.4159	0.24103	0.493	19.6	396.9	12.79	22.2				
5.868	0	3.24	25.8	5.2146	4	5.2146	0.06617	0.46	16.9	382.44	9.97	19.3				
6.333	0	3.24	17.2	5.2146	4	5.2146	0.06724	0.46	16.9	375.21	7.34	22.6				
6.144	0	3.24	32.2	5.8736	4	5.8736	0.04544	0.46	16.9	368.57	9.09	19.8				
5.706	35	6.06	28.4	6.6407	1	6.6407	0.05023	0.4379	16.9	394.02	12.43	17.1				
6.031	35	6.06	23.3	6.6407	1	6.6407	0.03466	0.4379	16.9	362.25	7.83	19.4				
6.316	0	5.19	38.1	6.4584	5	6.4584	0.05083	0.515	20.2	389.71	5.68	22.2				
6.31	0	5.19	38.5	6.4584	5	6.4584	0.03738	0.515	20.2	389.4	6.75	20.7				
6.037	0	5.19	34.5	5.9853	5	5.9853	0.03961	0.515	20.2	396.9	8.01	21.1				
5.869	0	5.19	46.3	5.2311	5	5.2311	0.03427	0.515	20.2	396.9	9.8	19.5				
5.895	0	5.19	59.6	5.615	5	5.615	0.03041	0.515	20.2	394.81	10.56	18.5				
6.059	0	5.19	37.3	4.8122	5	4.8122	0.03306	0.515	20.2	396.14	8.51	20.6				
5.985	0	5.19	45.4	4.8122	5	4.8122	0.05497	0.515	20.2	396.9	9.74	19				
5.968	0	5.19	58.5	4.8122	5	4.8122	0.06151	0.515	20.2	396.9	9.29	18.7				
7.241	35	1.52	49.3	7.0379	1	7.0379	0.01301	0.442	15.5	394.74	5.49	32.7				
6.54	0	1.89	59.7	6.2669	1	6.2669	0.02498	0.518	15.9	389.96	8.65	16.5				
6.696	55	3.78	56.4	5.7321	5	5.7321	0.02543	0.484	17.6	396.9	7.18	23.9				
6.874	55	3.78	28.1	6.4654	5	6.4654	0.03049	0.484	17.6	387.97	4.61	31.2				
6.014	0	4.39	48.5	8.0136	3	8.0136	0.03113	0.442	18.8	385.64	10.53	17.5				
5.898	0	4.39	52.3	8.0136	3	8.0136	0.06162	0.442	18.8	364.61	12.67	17.2				
6.516	85	4.15	27.7	8.5353	4	8.5353	0.0187	0.429	17.9	392.43	6.36	23.1				
6.635	80	2.01	29.7	8.344	4	8.344	0.01501	0.435	17	390.94	5.99	24.5				
6.939	40	1.25	34.5	8.7921	1	8.7921	0.02899	0.429	19.7	389.85	5.89	26.6				
6.49	40	1.25	44.4	8.7921	1	8.7921	0.06211	0.429	19.7	396.9	5.98	22.9				
6.579	60	1.69	35.9	10.7103	4	10.7103	0.0795	0.411	18.3	370.78	5.49	24.1				
5.884	60	1.69	18.5	10.7103	4	10.7103	0.07244	0.411	18.3	392.33	7.79	18.6				
6.728	90	2.02	36.1	12.1265	5	12.1265	0.01709	0.41	17	384.46	4.5	30.1				
5.663	80	1.91	21.9	10.5857	4	10.5857	0.04301	0.413	22	382.8	8.05	18.2				
5.936	80	1.91	19.5	10.5857	4	10.5857	0.10659	0.413	22	376.04	5.57	20.6				
6.212	0	18.1	97.4	2.1222	24	2.1222	8.98296	0.77	20.2	377.73	17.6	17.8				
6.395	0	18.1	91	2.5052	24	2.5052	3.8497	0.77	20.2	391.34	13.27	21.7				
6.127	0	18.1	83.4	2.7227	24	2.7227	5.20177	0.77	20.2	395.43	11.48	22.7				
6.112	0	18.1	81.3	2.5091	24	2.5091	4.26131	0.77	20.2	390.74	12.67	22.6				
6.398	0	18.1	88	2.5182	24	2.5182	4.54192	0.77	20.2	374.56	7.79	25				
6.251	0	18.1	91.1	2.2955	24	2.2955	3.83684	0.77	20.2	350.65	14.19	19.9				
5.362	0	18.1	96.2	2.1036	24	2.1036	3.67822	0.77	20.2	380.79	10.19	20.8				
5.803	0	18.1	89	1.9047	24	1.9047	4.22239	0.77	20.2	353.04	14.64	16.8				
8.78	0	18.1	82.9	1.9047	24	1.9047	3.47428	0.718	20.2	354.55	5.29	21.9				
3.561	0	18.1	87.9	1.6132	24	1.6132	4.55587	0.718	20.2	354.7	7.12	27.5				
4.963	0	18.1	91.4	1.7523	24	1.7523	3.69695	0.718	20.2	316.03	14	21.9				
3.863	0	18.1	100	1.5106	24	1.5106	13.5222	0.631	20.2	131.42	13.33	23.1				
4.97	0	18.1	100	1.3325	24	1.3325	4.89822	0.631	20.2	375.52	3.26	50				
6.683	0	18.1	96.8	1.3567	24	1.3567	5.66998	0.631	20.2	375.33	3.73	50				
7.016	0	18.1	97.5	1.2024	24	1.2024	6.53876	0.631	20.2	392.05	2.96	50				
6.216	0	18.1	100	1.1691	24	1.1691	9.2323	0.631	20.2	366.15	9.53	50				
5.875	0	18.1	89.6	1.1296	24	1.1296	8.26725	0.668	20.2	347.88	8.88	50				
4.906	0	18.1	100	1.1742	24	1.1742	11.1081	0.668	20.2	396.9	34.77	13.8				
4.138	0	18.1	100	1.137	24	1.137	18.4982	0.668	20.2	396.9	37.97	13.8				
7.313	0	18.1	97.9	1.3163	24	1.3163	19.6091	0.671	20.2	396.9	13.44	15				
6.649	0	18.1	93.3	1.3449	24	1.3449	15.288	0.671	20.2	363.02	23.24	13.9				
6.794	0	18.1	98.8	1.358	24	1.358	9.82349	0.671	20.2	396.9	21.24	13.3				
6.38	0	18.1	96.2	1.3861	24	1.3861	23.6482	0.671	20.2	396.9	23.69	13.1				
6.223	0	18.1	100	1.3861	24	1.3861	17.8667	0.671	20.2	393.74	21.78	10.2				
6.968	0	18.1	91.9	1.4165	24	1.4165	88.9762	0.671	20.2	396.9	17.21	10.4				
6.545	0	18.1	99.1	1.5192	24	1.5192	15.8744	0.671	20.2	396.9	21.08	10.9				
5.536	0	18.1	100	1.5804	24	1.5804	9.18702	0.7	20.2	396.9	23.6	11.3				
5.52	0	18.1	100	1.5331	24	1.5331	7.99248	0.7	20.2	396.9	24.56	12.3				
4.368	0	18.1	91.2	1.4395	24	1.4395	20.0849	0.7	20.2	285.83	30.63	8.8				
5.277	0	18.1	98.1	1.4261	24	1.4261	16.8118	0.7	20.2	396.9	30.81	7.2				
4.652	0	18.1	100	1.4672	24	1.4672	24.3938	0.7	20.2	396.9	28.28	10.5				
5	0	18.1	89.5	1.5184	24	1.5184	22.5971	0.7	20.2	396.9	31.99	7.4				
4.88	0	18.1	100	1.5895	24	1.5895	14.3337	0.7	20.2	372.92	30.62	10.2				
5.39	0	18.1	98.9	1.7281	24	1.7281	8.15174	0.7	20.2	396.9	20.85	11.5				
5.713	0	18.1	97	1.9265	24	1.9265	6.96215	0.7	20.2	394.43	17.11	15.1				
6.051	0	18.1	82.5	2.1678	24	2.1678	5.29305	0.7	20.2	378.38	18.76	23.2				
5.036	0	18.1	97	1.77	24	1.77	11.5779	0.7	20.2	396.9	25.68	9.7				
6.193	0	18.1	92.6	1.7912	24	1.7912	8.64476	0.693	20.2	396.9	15.17	13.8				
5.887	0	18.1	94.7	1.7821	24	1.7821	13.3598	0.693	20.2	396.9	16.35	12.7				
6.471	0	18.1	98.8	1.7257	24	1.7257	8.71675	0.693	20.2	391.98	17.12	13.1				
6.405	0	18.1	96	1.6768	24	1.6768	5.87205	0.693	20.2	396.9	19.37	12.5				
5.747	0	18.1	98.9	1.6334	24	1.6334	7.67202	0.693	20.2	393.1	19.92	8.5				
5.453	0	18.1	100	1.4896	24	1.4896	38.3518	0.693	20.2	396.9	30.59	5				
5.852	0	18.1	77.8	1.5004	24	1.5004	9.91655	0.693	20.2	338.16	29.97	6.3				
5.987	0	18.1	100	1.5888	24	1.5888	25.0461	0.693	20.2	396.9	26.77	5.6				
6.343	0	18.1	100	1.5741	24	1.5741	14.2362	0.693	20.2	396.9	20.32	7.2				
6.404	0	18.1	100	1.639	24	1.639	9.59571	0.693	20.2	376.11	20.31	12.1				
5.349	0	18.1	96	1.7028	24	1.7028	24.8017	0.693	20.2	396.9	19.77	8.3				
5.531	0	18.1	85.4	1.6074	24	1.6074	41.5292	0.693	20.2	329.46	27.38	8.5				
5.683	0	18.1	100	1.4254	24	1.4254	67.9208	0.693	20.2	384.97	22.98	5				
4.138	0	18.1	100	1.1781	24	1.1781	20.7162	0.659	20.2	370.22	23.34	11.9				
5.608	0	18.1	100	1.2852	24	1.2852	11.9511	0.659	20.2	332.09	12.13	27.9				
5.617	0	18.1	97.9	1.4547	24	1.4547	7.40389	0.597	20.2	314.64	26.4	17.2				
6.852	0	18.1	100	1.4655	24	1.4655	14.4383	0.597	20.2	179.36	19.78	27.5				
5.757	0	18.1	100	1.413	24	1.413	51.1358	0.597	20.2	2.6	10.11	15				
6.657	0	18.1	100	1.5275	24	1.5275	14.0507	0.597	20.2	35.05	21.22	17.2				
4.628	0	18.1	100	1.5539	24	1.5539	18.811	0.597	20.2	28.79	34.37	17.9				
5.155	0	18.1	100	1.5894	24	1.5894	28.6558	0.597	20.2	210.97	20.08	16.3				
4.519	0	18.1	100	1.6582	24	1.6582	45.7461	0.693	20.2	88.27	36.98	7				
6.434	0	18.1	100	1.8347	24	1.8347	18.0846	0.679	20.2	27.25	29.05	7.2				
6.782	0	18.1	90.8	1.8195	24	1.8195	10.8342	0.679	20.2	21.57	25.79	7.5				
5.304	0	18.1	89.1	1.6475	24	1.6475	25.9406	0.679	20.2	127.36	26.64	10.4				
5.957	0	18.1	100	1.8026	24	1.8026	73.5341	0.679	20.2	16.45	20.62	8.8				
6.824	0	18.1	76.5	1.794	24	1.794	11.8123	0.718	20.2	48.45	22.74	8.4				
6.411	0	18.1	100	1.8589	24	1.8589	11.0874	0.718	20.2	318.75	15.02	16.7				
6.006	0	18.1	95.3	1.8746	24	1.8746	7.02259	0.718	20.2	319.98	15.7	14.2				
5.648	0	18.1	87.6	1.9512	24	1.9512	12.0482	0.614	20.2	291.55	14.1	20.8				
6.103	0	18.1	85.1	2.0218	24	2.0218	7.05042	0.614	20.2	2.52	23.29	13.4				
5.565	0	18.1	70.6	2.0635	24	2.0635	8.79212	0.584	20.2	3.65	17.16	11.7				
5.896	0	18.1	95.4	1.9096	24	1.9096	15.8603	0.679	20.2	7.68	24.39	8.3				
5.837	0	18.1	59.7	1.9976	24	1.9976	12.2472	0.584	20.2	24.65	15.69	10.2				
6.202	0	18.1	78.7	1.8629	24	1.8629	37.6619	0.679	20.2	18.82	14.52	10.9				
6.193	0	18.1	78.1	1.9356	24	1.9356	7.36711	0.679	20.2	96.73	21.52	11				
6.38	0	18.1	95.6	1.9682	24	1.9682	9.33889	0.679	20.2	60.72	24.08	9.5				
6.348	0	18.1	86.1	2.0527	24	2.0527	8.49213	0.584	20.2	83.45	17.64	14.5				
6.833	0	18.1	94.3	2.0882	24	2.0882	10.0623	0.584	20.2	81.33	19.69	14.1				
6.425	0	18.1	74.8	2.2004	24	2.2004	6.44405	0.584	20.2	97.95	12.03	16.1				
6.436	0	18.1	87.9	2.3158	24	2.3158	5.58107	0.713	20.2	100.19	16.22	14.3				
6.208	0	18.1	95	2.2222	24	2.2222	13.9134	0.713	20.2	100.63	15.17	11.7				
6.629	0	18.1	94.6	2.1247	24	2.1247	11.1604	0.74	20.2	109.85	23.27	13.4				
6.461	0	18.1	93.3	2.0026	24	2.0026	14.4208	0.74	20.2	27.49	18.05	9.6				
6.152	0	18.1	100	1.9142	24	1.9142	15.1772	0.74	20.2	9.32	26.45	8.7				
5.935	0	18.1	87.9	1.8206	24	1.8206	13.6781	0.74	20.2	68.95	34.02	8.4				
5.627	0	18.1	93.9	1.8172	24	1.8172	9.39063	0.74	20.2	396.9	22.88	12.8				
5.818	0	18.1	92.4	1.8662	24	1.8662	22.0511	0.74	20.2	391.45	22.11	10.5				
6.406	0	18.1	97.2	2.0651	24	2.0651	9.72418	0.74	20.2	385.96	19.52	17.1				
6.219	0	18.1	100	2.0048	24	2.0048	5.66637	0.74	20.2	395.69	16.59	18.4				
6.485	0	18.1	100	1.9784	24	1.9784	9.96654	0.74	20.2	386.73	18.85	15.4				
5.854	0	18.1	96.6	1.8956	24	1.8956	12.8023	0.74	20.2	240.52	23.79	10.8				
6.459	0	18.1	94.8	1.9879	24	1.9879	10.6718	0.74	20.2	43.06	23.98	11.8				
6.341	0	18.1	96.4	2.072	24	2.072	6.28807	0.74	20.2	318.01	17.79	14.9				
6.251	0	18.1	96.6	2.198	24	2.198	9.92485	0.74	20.2	388.52	16.44	12.6				
6.185	0	18.1	98.7	2.2616	24	2.2616	9.32909	0.713	20.2	396.9	18.13	14.1				
6.417	0	18.1	98.3	2.185	24	2.185	7.52601	0.713	20.2	304.21	19.31	13				
6.749	0	18.1	92.6	2.3236	24	2.3236	6.71772	0.713	20.2	0.32	17.44	13.4				
6.655	0	18.1	98.2	2.3552	24	2.3552	5.44114	0.713	20.2	355.29	17.73	15.2				
6.297	0	18.1	91.8	2.3682	24	2.3682	5.09017	0.713	20.2	385.09	17.27	16.1				
7.393	0	18.1	99.3	2.4527	24	2.4527	8.24809	0.713	20.2	375.87	16.74	17.8				
6.728	0	18.1	94.1	2.4961	24	2.4961	9.51363	0.713	20.2	6.68	18.71	14.9				
6.525	0	18.1	86.5	2.4358	24	2.4358	4.75237	0.713	20.2	50.92	18.13	14.1				
5.976	0	18.1	87.9	2.5806	24	2.5806	4.66883	0.713	20.2	10.48	19.01	12.7				
5.936	0	18.1	80.3	2.7792	24	2.7792	8.20058	0.713	20.2	3.5	16.94	13.5				
6.301	0	18.1	83.7	2.7831	24	2.7831	7.75223	0.713	20.2	272.21	16.23	14.9				
6.081	0	18.1	84.4	2.7175	24	2.7175	6.80117	0.713	20.2	396.9	14.7	20				
6.701	0	18.1	90	2.5975	24	2.5975	4.81213	0.713	20.2	255.23	16.42	16.4				
6.376	0	18.1	88.4	2.5671	24	2.5671	3.69311	0.713	20.2	391.43	14.65	17.7				
6.317	0	18.1	83	2.7344	24	2.7344	6.65492	0.713	20.2	396.9	13.99	19.5				
6.513	0	18.1	89.9	2.8016	24	2.8016	5.82115	0.713	20.2	393.82	10.29	20.2				
6.209	0	18.1	65.4	2.9634	24	2.9634	7.83932	0.655	20.2	396.9	13.22	21.4				
5.759	0	18.1	48.2	3.0665	24	3.0665	3.1636	0.655	20.2	334.4	14.13	19.9				
5.952	0	18.1	84.7	2.8715	24	2.8715	3.77498	0.655	20.2	22.01	17.15	19				
6.003	0	18.1	94.5	2.5403	24	2.5403	4.42228	0.584	20.2	331.29	21.32	19.1				
5.926	0	18.1	71	2.9084	24	2.9084	15.5757	0.58	20.2	368.74	18.13	19.1				
5.713	0	18.1	56.7	2.8237	24	2.8237	13.0751	0.58	20.2	396.9	14.76	20.1				
6.167	0	18.1	84	3.0334	24	3.0334	4.34879	0.58	20.2	396.9	16.29	19.9				
6.229	0	18.1	90.7	3.0993	24	3.0993	4.03841	0.532	20.2	395.33	12.87	19.6				
6.437	0	18.1	75	2.8965	24	2.8965	3.56868	0.58	20.2	393.37	14.36	23.2				
6.98	0	18.1	67.6	2.5329	24	2.5329	4.64689	0.614	20.2	374.68	11.66	29.8				
5.427	0	18.1	95.4	2.4298	24	2.4298	8.05579	0.584	20.2	352.58	18.14	13.8				
6.162	0	18.1	97.4	2.206	24	2.206	6.39312	0.584	20.2	302.76	24.1	13.3				
6.484	0	18.1	93.6	2.3053	24	2.3053	4.87141	0.614	20.2	396.21	18.68	16.7				
5.304	0	18.1	97.3	2.1007	24	2.1007	15.0234	0.614	20.2	349.48	24.91	12				
6.185	0	18.1	96.7	2.1705	24	2.1705	10.233	0.614	20.2	379.7	18.03	14.6				
6.229	0	18.1	88	1.9512	24	1.9512	14.3337	0.614	20.2	383.32	13.11	21.4				
6.242	0	18.1	64.7	3.4242	24	3.4242	5.82401	0.532	20.2	396.9	10.74	23				
6.75	0	18.1	74.9	3.3317	24	3.3317	5.70818	0.532	20.2	393.07	7.74	23.7				
7.061	0	18.1	77	3.4106	24	3.4106	5.73116	0.532	20.2	395.28	7.01	25				
5.762	0	18.1	40.3	4.0983	24	4.0983	2.81838	0.532	20.2	392.92	10.42	21.8				
5.871	0	18.1	41.9	3.724	24	3.724	2.37857	0.583	20.2	370.73	13.34	20.6				
6.312	0	18.1	51.9	3.9917	24	3.9917	3.67367	0.583	20.2	388.62	10.58	21.2				
6.114	0	18.1	79.8	3.5459	24	3.5459	5.69175	0.583	20.2	392.68	14.98	19.1				
5.905	0	18.1	53.2	3.1523	24	3.1523	4.83567	0.583	20.2	388.22	11.45	20.6				
5.454	0	27.74	92.7	1.8209	4	1.8209	0.15086	0.609	20.1	395.09	18.06	15.2				
5.414	0	27.74	98.3	1.7554	4	1.7554	0.18337	0.609	20.1	344.05	23.97	7				
5.093	0	27.74	98	1.8226	4	1.8226	0.20746	0.609	20.1	318.43	29.68	8.1				
5.983	0	27.74	98.8	1.8681	4	1.8681	0.10574	0.609	20.1	390.11	18.07	13.6				
5.983	0	27.74	83.5	2.1099	4	2.1099	0.11132	0.609	20.1	396.9	13.35	20.1				
5.707	0	9.69	54	2.3817	6	2.3817	0.17331	0.585	19.2	396.9	12.01	21.8				
5.926	0	9.69	42.6	2.3817	6	2.3817	0.27957	0.585	19.2	396.9	13.59	24.5				
5.67	0	9.69	28.8	2.7986	6	2.7986	0.17899	0.585	19.2	393.29	17.6	23.1				
5.39	0	9.69	72.9	2.7986	6	2.7986	0.2896	0.585	19.2	396.9	21.14	19.7				
5.794	0	9.69	70.6	2.8927	6	2.8927	0.26838	0.585	19.2	396.9	14.1	18.3				
6.019	0	9.69	65.3	2.4091	6	2.4091	0.23912	0.585	19.2	396.9	12.92	21.2				
5.569	0	9.69	73.5	2.3999	6	2.3999	0.17783	0.585	19.2	395.77	15.1	17.5				
6.027	0	9.69	79.7	2.4982	6	2.4982	0.22438	0.585	19.2	396.9	14.33	16.8				
6.593	0	11.93	69.1	2.4786	1	2.4786	0.06263	0.573	21	391.99	9.67	22.4				
6.12	0	11.93	76.7	2.2875	1	2.2875	0.04527	0.573	21	396.9	9.08	20.6				
6.976	0	11.93	91	2.1675	1	2.1675	0.06076	0.573	21	396.9	5.64	23.9				
6.794	0	11.93	89.3	2.3889	1	2.3889	0.10959	0.573	21	393.45	6.48	22				
6.03	0	11.93	80.8	2.505	1	2.505	0.04741	0.573	21	396.9	7.88	11.9				
																
